0.09	0.28	0.15	0.07	0.02
0.31	1	1	0.98	0.94
0.07	0.14	0.04	0.02	0.02
0.25	1	0.97	0.86	0.69
0.17	0.77	0.54	0.35	0.18
0.29	1	1	0.96	0.92
0.14	0.56	0.4	0.2	0.09
0.41	1	1	1	1
0.24	0.99	0.92	0.75	0.58
0.16	0.76	0.44	0.25	0.11
0.1	0.35	0.13	0.07	0.03
0.21	0.94	0.76	0.6	0.35
0.34	1	1	1	0.99
0.47	1	1	1	1
0.27	1	0.98	0.93	0.8
0.37	1	1	1	1
0.22	0.95	0.89	0.73	0.49
0.5	1	1	1	1
0.39	1	1	1	1
0.19	0.83	0.62	0.44	0.23
0.48	1	1	1	1
0.49	1	1	1	1
0.32	1	1	0.98	0.97
0.08	0.25	0.11	0.02	0.01
0.33	1	1	1	0.99
0.18	0.87	0.7	0.41	0.21
0.46	1	1	1	1
0.05	0.08	0.03	0	0
0.3	1	0.99	0.96	0.88
0.15	0.66	0.44	0.21	0.09
0.35	1	1	0.99	0.99
0.23	0.99	0.91	0.75	0.54
0.36	1	1	1	0.99
0.4	1	1	1	0.99
0.12	0.38	0.17	0.08	0.02
0.45	1	1	1	1
0.2	0.87	0.71	0.54	0.35
0.42	1	1	1	1
0.26	0.97	0.96	0.9	0.79
0.44	1	1	1	1
0.11	0.38	0.2	0.08	0.02
0.13	0.51	0.26	0.15	0.09
0.28	1	1	0.96	0.86
0.43	1	1	1	1
0.38	1	1	1	1
0.06	0.08	0.02	0	0
